RADIX 4444 4444 4444 4444 4444 4444 4444 4444
VNAME in[[127:0]]
IO IIII IIII IIII IIII IIII IIII IIII IIII
tunit ns 
period 1
tfall 0.05
trise 0.05
tdelay 0
vih 0.7
vil 0.0
vth 0.4
slope 0.1
0000 0000 0000 0000 0000 0000 0000 0002
0000 0000 0000 0000 0000 0000 0000 0100
0000 0000 0000 0000 0000 0000 0000 0001
0000 0000 0000 0000 0000 0000 0000 0004
0000 0000 0000 0000 0000 0000 0000 0008
0000 0000 0000 0000 0000 0000 0000 0080
0000 0000 0000 0000 0000 0000 0000 0008
0000 0000 0000 0000 0000 0000 0000 0001
0000 0000 0000 0000 0000 0000 0000 0002
0000 0000 0000 0000 0000 0000 0000 0020
